-468.758185000000
-468.758185000000
-468.758185000000
-468.758185000000
-468.758185000000
-468.758185000000
-468.758185000000
-468.758185000000
-468.758185000000
-468.758185000000
-468.758185000000
-468.758185000000
-468.758185000000
-468.758185000000
-468.758185000000
-468.758185000000
-468.758185000000
-468.758185000000
-468.758185000000
-468.758185000000
-468.758186000000
-468.758186000000
-468.758186000000
-468.758186000000
-468.758186000000
-468.758186000000
-468.758191000000
-468.758191000000
-468.758191000000
-468.758191000000
-468.758191000000
-468.758191000000
-468.758191000000
-468.758287000000
-468.758287000000
-468.758287000000
-468.758287000000
-468.758287000000
-468.758287000000
-468.758287000000
-468.758287000000
-468.758287000000
-468.758287000000
-468.758287000000
-468.758287000000
-468.758287000000
-468.758274000000
-468.758274000000
-468.758274000000
-468.758274000000
-468.758274000000
-468.758274000000
-468.758274000000
-468.758274000000
-468.758274000000
-468.758274000000
-468.758110000000
-468.758110000000
-468.758110000000
-468.758110000000
-468.758110000000
-468.758110000000
-468.758110000000
-468.758110000000
-468.758110000000
-468.758133000000
-468.758133000000
-468.758133000000
-468.758133000000
-468.758133000000
-468.758133000000
-468.758368000000
-468.758368000000
-468.758368000000
-468.758368000000
-468.758368000000
-468.758368000000
-468.758368000000
-468.758368000000
-468.758368000000
-468.758252000000
-468.758252000000
-468.758252000000
-468.758252000000
-468.758266000000
-468.758266000000
-468.255436000000
-468.255436000000
-468.255436000000
-468.255436000000
-468.255436000000
-468.255436000000
-468.255436000000
-468.255436000000
-468.255436000000
